[gd_scene load_steps=39 format=3 uid="uid://cl2kkurvbrpyt"]

[ext_resource type="Script" path="res://building_generator.gd" id="1_ljbgm"]
[ext_resource type="PackedScene" uid="uid://eo8suwiayffu" path="res://car.tscn" id="2_hhxf1"]
[ext_resource type="PackedScene" uid="uid://dkkcnvekmc44o" path="res://pedestrian.tscn" id="2_skcva"]
[ext_resource type="Script" path="res://assets/scripts/driving.gd" id="3_637af"]
[ext_resource type="Script" path="res://pedestrian.gd" id="4_c1gv3"]
[ext_resource type="Script" path="res://assets/pedestrians/FatPedestrian/FatPedestrian.gd" id="5_cyuqo"]
[ext_resource type="Script" path="res://assets/pedestrians/MoveComponent/MoveComponent.gd" id="6_01kbb"]
[ext_resource type="Texture2D" uid="uid://c0vnuicq2p67j" path="res://assets/models/figure_Player.png" id="7_2xj0k"]
[ext_resource type="AudioStream" uid="uid://dai2utt76qvgr" path="res://assets/BeepBox-SongMain.mp3" id="8_5up4r"]
[ext_resource type="AudioStream" uid="uid://cjlor7p5uyph6" path="res://assets/Scream-1.mp3" id="9_q14j1"]

[sub_resource type="Environment" id="Environment_cjia2"]
background_mode = 1
background_color = Color(0.537255, 0.8, 1, 1)
ambient_light_color = Color(1, 1, 1, 1)
reflected_light_source = 2

[sub_resource type="PlaneMesh" id="PlaneMesh_qg3rw"]

[sub_resource type="StandardMaterial3D" id="StandardMaterial3D_efibp"]
albedo_color = Color(0.25098, 0.25098, 0.25098, 1)

[sub_resource type="BoxShape3D" id="BoxShape3D_o3gaq"]

[sub_resource type="BoxMesh" id="BoxMesh_31ayt"]

[sub_resource type="ConcavePolygonShape3D" id="ConcavePolygonShape3D_elbj6"]
data = PackedVector3Array(1, 0, 1, -1, 0, 1, 1, 0, -1, -1, 0, 1, -1, 0, -1, 1, 0, -1)

[sub_resource type="ConcavePolygonShape3D" id="ConcavePolygonShape3D_mlo1d"]
data = PackedVector3Array(1, 0, 1, -1, 0, 1, 1, 0, -1, -1, 0, 1, -1, 0, -1, 1, 0, -1)

[sub_resource type="BoxMesh" id="BoxMesh_igw05"]

[node name="game" type="Node3D"]
transform = Transform3D(1, 0, 0, 0, 1, 0, 0, 0, 1, -0.0359755, 0.0861626, -0.0799446)
script = ExtResource("1_ljbgm")

[node name="WorldEnvironment" type="WorldEnvironment" parent="."]
environment = SubResource("Environment_cjia2")

[node name="DirectionalLight3D" type="DirectionalLight3D" parent="."]
transform = Transform3D(1, 0, 0, 0, -0.368173, 0.929757, 0, -0.929757, -0.368173, -7.93154, 2.62626, -0.447525)
shadow_enabled = true
shadow_blur = 2.675

[node name="Pedestrian" type="RigidBody3D" parent="."]
transform = Transform3D(1, 0, 0, 0, 1, 0, 0, 0, 1, 29.7951, 6.08488, 0)
axis_lock_linear_y = true
axis_lock_angular_z = true
max_contacts_reported = 5
contact_monitor = true
script = ExtResource("4_c1gv3")

[node name="CollisionShape3D" type="CollisionShape3D" parent="Pedestrian"]
transform = Transform3D(1, 0, 0, 0, 1, 0, 0, 0, 1, 0, -1.19814, 0)
shape = SubResource("BoxShape3D_lhnrv")

[node name="PedestrianMovement" type="Node3D" parent="Pedestrian" node_paths=PackedStringArray("moveComponent")]
script = ExtResource("5_cyuqo")
moveComponent = NodePath("../MoveComponent")

[node name="MoveComponent" type="Node3D" parent="Pedestrian"]
script = ExtResource("6_01kbb")

[node name="Armature" type="Node3D" parent="Pedestrian"]

[node name="RagdollSkeleton" type="Skeleton3D" parent="Pedestrian/Armature"]
animate_physical_bones = false
bones/0/name = "Center"
bones/0/parent = -1
bones/0/rest = Transform3D(1, 0, 0, 0, 1, 0, 0, 0, 1, 0, 0, 0)
bones/0/enabled = true
bones/0/position = Vector3(0, 0, 0)
bones/0/rotation = Quaternion(0, 0, 0, 1)
bones/0/scale = Vector3(1, 1, 1)
bones/1/name = "Shoulder.L"
bones/1/parent = 0
bones/1/rest = Transform3D(-0.630973, 0.765247, -0.127553, -0.766468, -0.589465, 0.255065, 0.119999, 0.258704, 0.958474, 0, 1, 0)
bones/1/enabled = true
bones/1/position = Vector3(0, 1, 0)
bones/1/rotation = Quaternion(0.00211842, -0.144078, -0.891475, 0.429545)
bones/1/scale = Vector3(1, 1, 1)
bones/2/name = "Bicep.L"
bones/2/parent = 1
bones/2/rest = Transform3D(0.842305, 0.53775, 0.0367142, -0.510013, 0.773114, 0.377069, 0.174385, -0.336332, 0.925457, -1.67638e-08, 1.00102, -7.45058e-09)
bones/2/enabled = true
bones/2/position = Vector3(-1.67638e-08, 1.00102, -7.45058e-09)
bones/2/rotation = Quaternion(-0.189561, -0.036581, -0.278405, 0.940861)
bones/2/scale = Vector3(1, 1, 1)
bones/3/name = "Forearm.L"
bones/3/parent = 2
bones/3/rest = Transform3D(0.999486, 0.0320343, -0.000823622, -0.031975, 0.995284, -0.0915832, -0.00211406, 0.0915625, 0.995797, -6.51926e-08, 0.897223, 1.16415e-08)
bones/3/enabled = true
bones/3/position = Vector3(-6.51926e-08, 0.897223, 1.16415e-08)
bones/3/rotation = Quaternion(0.0458405, 0.000322991, -0.0160212, 0.99882)
bones/3/scale = Vector3(1, 1, 1)
bones/4/name = "Hand.L"
bones/4/parent = 3
bones/4/rest = Transform3D(0.994881, 0.101024, 0.00260369, -0.101024, 0.993557, 0.0513723, 0.0026029, -0.0513724, 0.998676, -1.45286e-07, 1.18332, 7.45058e-09)
bones/4/enabled = true
bones/4/position = Vector3(-1.45286e-07, 1.18332, 7.45058e-09)
bones/4/rotation = Quaternion(-0.0257276, 1.991e-07, -0.0505934, 0.998388)
bones/4/scale = Vector3(1, 1, 1)
bones/5/name = "Bone.010"
bones/5/parent = 0
bones/5/rest = Transform3D(1, 0, 0, 0, 1, 0, 0, 0, 1, 0, 1, 0)
bones/5/enabled = true
bones/5/position = Vector3(0, 1, 0)
bones/5/rotation = Quaternion(0, 0, 0, 1)
bones/5/scale = Vector3(1, 1, 1)
bones/6/name = "Bone.011"
bones/6/parent = 5
bones/6/rest = Transform3D(1, 0, 0, 0, 1, 0, 0, 0, 1, 0, 0.567609, 0)
bones/6/enabled = true
bones/6/position = Vector3(0, 0.567609, 0)
bones/6/rotation = Quaternion(0, 0, 0, 1)
bones/6/scale = Vector3(1, 1, 1)
bones/7/name = "Shoulder.R"
bones/7/parent = 0
bones/7/rest = Transform3D(-0.630973, -0.765247, 0.127553, 0.766468, -0.589465, 0.255065, -0.119999, 0.258704, 0.958474, 0, 1, 0)
bones/7/enabled = true
bones/7/position = Vector3(0, 1, 0)
bones/7/rotation = Quaternion(0.00211842, 0.144078, 0.891475, 0.429545)
bones/7/scale = Vector3(1, 1, 1)
bones/8/name = "Bicep.R"
bones/8/parent = 7
bones/8/rest = Transform3D(0.842305, -0.53775, -0.0367142, 0.510013, 0.773114, 0.377069, -0.174385, -0.336332, 0.925457, 1.67638e-08, 1.00102, -7.45058e-09)
bones/8/enabled = true
bones/8/position = Vector3(1.67638e-08, 1.00102, -7.45058e-09)
bones/8/rotation = Quaternion(-0.189561, 0.036581, 0.278405, 0.940861)
bones/8/scale = Vector3(1, 1, 1)
bones/9/name = "Forearm.R"
bones/9/parent = 8
bones/9/rest = Transform3D(0.999486, -0.0320343, 0.000823622, 0.031975, 0.995284, -0.0915832, 0.00211406, 0.0915625, 0.995797, 6.51926e-08, 0.897223, 1.16415e-08)
bones/9/enabled = true
bones/9/position = Vector3(6.51926e-08, 0.897223, 1.16415e-08)
bones/9/rotation = Quaternion(0.0458405, -0.000322991, 0.0160212, 0.99882)
bones/9/scale = Vector3(1, 1, 1)
bones/10/name = "Hand.R"
bones/10/parent = 9
bones/10/rest = Transform3D(0.994881, -0.101024, -0.00260369, 0.101024, 0.993557, 0.0513723, -0.0026029, -0.0513724, 0.998676, 1.45286e-07, 1.18332, 7.45058e-09)
bones/10/enabled = true
bones/10/position = Vector3(1.45286e-07, 1.18332, 7.45058e-09)
bones/10/rotation = Quaternion(-0.0257276, -1.991e-07, 0.0505934, 0.998388)
bones/10/scale = Vector3(1, 1, 1)
bones/11/name = "Stomach.L"
bones/11/parent = -1
bones/11/rest = Transform3D(0.661558, 0.703087, 0.260786, 0.749853, -0.62387, -0.220243, 0.00784642, 0.341255, -0.939938, 0, 0, 0)
bones/11/enabled = true
bones/11/position = Vector3(0, 0, 0)
bones/11/rotation = Quaternion(0.897965, 0.404509, 0.0747891, 0.156325)
bones/11/scale = Vector3(1, 1, 1)
bones/12/name = "LegStart.L"
bones/12/parent = 11
bones/12/rest = Transform3D(0.653741, -0.749853, 0.101701, 0.749853, 0.62387, -0.220243, 0.101701, 0.220243, 0.970129, -1.54832e-08, 0.470044, 0)
bones/12/enabled = true
bones/12/position = Vector3(-1.54832e-08, 0.470044, 0)
bones/12/rotation = Quaternion(0.122211, -1.447e-08, 0.416088, 0.901074)
bones/12/scale = Vector3(1, 1, 1)
bones/13/name = "Thigh.L"
bones/13/parent = 12
bones/13/rest = Transform3D(0.507309, 0.162244, 0.846353, -0.0103089, 0.98319, -0.182296, -0.861702, 0.0837554, 0.500454, 3.04892e-08, 1.03107, 1.5462e-09)
bones/13/enabled = true
bones/13/position = Vector3(3.04892e-08, 1.03107, 1.5462e-09)
bones/13/rotation = Quaternion(0.0769184, 0.493818, -0.049887, 0.864719)
bones/13/scale = Vector3(1, 1, 1)
bones/14/name = "Foot.L"
bones/14/parent = 13
bones/14/rest = Transform3D(0.999952, -0.00982296, -0.00057812, 0.00982035, 0.992528, 0.12162, -0.000620866, -0.12162, 0.992577, 5.58794e-09, 1.36208, 2.93367e-08)
bones/14/enabled = true
bones/14/position = Vector3(5.58794e-09, 1.36208, 2.93367e-08)
bones/14/rotation = Quaternion(-0.0609238, 1.07136e-05, 0.00492002, 0.99813)
bones/14/scale = Vector3(1, 1, 1)
bones/15/name = "Bone.009"
bones/15/parent = 14
bones/15/rest = Transform3D(0.382684, -0.891756, 0.241503, 0.911251, 0.321257, -0.257712, 0.152232, 0.318692, 0.935554, -2.21189e-08, 2.32041, 8.3819e-09)
bones/15/enabled = true
bones/15/position = Vector3(-2.21189e-08, 2.32041, 8.3819e-09)
bones/15/rotation = Quaternion(0.177393, 0.0274741, 0.55489, 0.812326)
bones/15/scale = Vector3(1, 1, 1)
bones/16/name = "Stomach.R"
bones/16/parent = -1
bones/16/rest = Transform3D(0.661558, -0.703087, -0.260786, -0.749853, -0.62387, -0.220243, -0.00784642, 0.341255, -0.939938, 0, 0, 0)
bones/16/enabled = true
bones/16/position = Vector3(0, 0, 0)
bones/16/rotation = Quaternion(0.897965, -0.404509, -0.0747891, 0.156325)
bones/16/scale = Vector3(1, 1, 1)
bones/17/name = "LegStart.R"
bones/17/parent = 16
bones/17/rest = Transform3D(0.653741, 0.749853, -0.101701, -0.749853, 0.62387, -0.220243, -0.101701, 0.220243, 0.970129, 1.54832e-08, 0.470044, 0)
bones/17/enabled = true
bones/17/position = Vector3(1.54832e-08, 0.470044, 0)
bones/17/rotation = Quaternion(0.122211, 1.447e-08, -0.416088, 0.901074)
bones/17/scale = Vector3(1, 1, 1)
bones/18/name = "Thigh.R"
bones/18/parent = 17
bones/18/rest = Transform3D(0.507309, -0.162244, -0.846353, 0.0103089, 0.98319, -0.182296, 0.861702, 0.0837554, 0.500454, -3.04892e-08, 1.03107, 1.5462e-09)
bones/18/enabled = true
bones/18/position = Vector3(-3.04892e-08, 1.03107, 1.5462e-09)
bones/18/rotation = Quaternion(0.0769184, -0.493818, 0.049887, 0.864719)
bones/18/scale = Vector3(1, 1, 1)
bones/19/name = "Foot.R"
bones/19/parent = 18
bones/19/rest = Transform3D(0.999952, 0.00982296, 0.00057812, -0.00982035, 0.992528, 0.12162, 0.000620866, -0.12162, 0.992577, -5.58794e-09, 1.36208, 2.93367e-08)
bones/19/enabled = true
bones/19/position = Vector3(-5.58794e-09, 1.36208, 2.93367e-08)
bones/19/rotation = Quaternion(-0.0609238, -1.07136e-05, -0.00492002, 0.99813)
bones/19/scale = Vector3(1, 1, 1)

[node name="Physical Bone Center" type="PhysicalBone3D" parent="Pedestrian/Armature/RagdollSkeleton"]
transform = Transform3D(1, 0, 0, 0, 0, -1, 0, 1, 0, 0, 0.5, 0)
joint_offset = Transform3D(1, 0, 0, 0, 1, 0, 0, 0, 1, 0, 0, 0.5)
body_offset = Transform3D(1, 0, 0, 0, 0, -1, 0, 1, 0, 0, 0.5, 0)
bone_name = "Center"

[node name="CollisionShape3D" type="CollisionShape3D" parent="Pedestrian/Armature/RagdollSkeleton/Physical Bone Center"]
transform = Transform3D(1, 0, 0, 0, 0, 1, 0, -1, 0, 0, 0, 0)
shape = SubResource("CapsuleShape3D_lfdbm")

[node name="Physical Bone Shoulder_L" type="PhysicalBone3D" parent="Pedestrian/Armature/RagdollSkeleton"]
transform = Transform3D(-0.630981, -0.127554, -0.765244, -0.766475, 0.255067, 0.589468, 0.119999, 0.958484, -0.258705, 0.382936, 0.704964, 0.129452)
joint_type = 3
joint_offset = Transform3D(1, 0, 0, 0, 1, 0, 0, 0, 1, -4.55346e-05, 2.17112e-05, 0.500444)
body_offset = Transform3D(1.00001, -1.04308e-07, -4.2934e-06, -1.92411e-06, -2.83122e-07, -1, -9.90927e-07, 1.00001, -9.83477e-07, 4.76837e-05, 0.500444, -2.12193e-05)
bone_name = "Shoulder.L"
joint_constraints/angular_limit_enabled = true
joint_constraints/angular_limit_upper = 90.0
joint_constraints/angular_limit_lower = -90.0
joint_constraints/angular_limit_bias = 0.3
joint_constraints/angular_limit_softness = 0.9
joint_constraints/angular_limit_relaxation = 1.0

[node name="CollisionShape3D" type="CollisionShape3D" parent="Pedestrian/Armature/RagdollSkeleton/Physical Bone Shoulder_L"]
transform = Transform3D(1, 0, 0, 0, 0, 1, 0, -1, 0, 0, 0, 0)
shape = SubResource("CapsuleShape3D_yeihq")

[node name="Physical Bone Bicep_L" type="PhysicalBone3D" parent="Pedestrian/Armature/RagdollSkeleton"]
transform = Transform3D(-0.94401, 0.147341, -0.29522, -0.300489, -0.0143587, 0.953678, 0.136276, 0.988982, 0.0578281, 0.898613, -0.0178342, 0.232766)
joint_type = 3
joint_offset = Transform3D(1, 0, 0, 0, 1, 0, 0, 0, 1, 0.000192011, 0.00023546, 0.44861)
body_offset = Transform3D(1.00001, 7.45058e-08, 1.4035e-06, -7.01286e-07, -8.9407e-08, -1, -1.99676e-06, 1, -8.45641e-07, -0.000192642, 0.44861, -0.000235081)
bone_name = "Bicep.L"
joint_constraints/angular_limit_enabled = true
joint_constraints/angular_limit_upper = 90.0
joint_constraints/angular_limit_lower = -90.0
joint_constraints/angular_limit_bias = 0.3
joint_constraints/angular_limit_softness = 0.9
joint_constraints/angular_limit_relaxation = 1.0

[node name="CollisionShape3D" type="CollisionShape3D" parent="Pedestrian/Armature/RagdollSkeleton/Physical Bone Bicep_L"]
transform = Transform3D(1, 0, 0, 0, 0, 1, 0, -1, 0, 0, 0, 0)
shape = SubResource("CapsuleShape3D_l2wqs")

[node name="Physical Bone Forearm_L" type="PhysicalBone3D" parent="Pedestrian/Armature/RagdollSkeleton"]
transform = Transform3D(-0.953275, 0.120469, -0.277083, -0.269814, 0.073293, 0.960129, 0.135967, 0.990008, -0.0373637, 1.19505, -1.01378, 0.229245)
joint_type = 3
joint_offset = Transform3D(1, 0, 0, 0, 1, 0, 0, 0, 1, 0.000196355, -8.20918e-05, 0.591698)
body_offset = Transform3D(1.00001, -7.28667e-06, 3.39188e-06, 3.50084e-06, -1.16974e-06, -1.00001, 6.70552e-07, 1, -6.78003e-07, -0.000198364, 0.591704, 8.24928e-05)
bone_name = "Forearm.L"
joint_constraints/angular_limit_enabled = true
joint_constraints/angular_limit_upper = 90.0
joint_constraints/angular_limit_lower = -90.0
joint_constraints/angular_limit_bias = 0.3
joint_constraints/angular_limit_softness = 0.9
joint_constraints/angular_limit_relaxation = 1.0

[node name="CollisionShape3D" type="CollisionShape3D" parent="Pedestrian/Armature/RagdollSkeleton/Physical Bone Forearm_L"]
transform = Transform3D(1, 0, 0, 0, 0, 1, 0, -1, 0, 0, 0, 0)
shape = SubResource("CapsuleShape3D_66bx3")

[node name="Physical Bone Bone_010" type="PhysicalBone3D" parent="Pedestrian/Armature/RagdollSkeleton"]
transform = Transform3D(1, 0, 0, 0, 0, -1, 0, 1, 0, 0, 1.2838, 0)
joint_type = 3
joint_offset = Transform3D(1, 0, 0, 0, 1, 0, 0, 0, 1, 0, 0, 0.283805)
body_offset = Transform3D(1, 0, 0, 0, 0, -1, 0, 1, 0, 0, 0.283805, 0)
bone_name = "Bone.010"
joint_constraints/angular_limit_enabled = true
joint_constraints/angular_limit_upper = 90.0
joint_constraints/angular_limit_lower = -90.0
joint_constraints/angular_limit_bias = 0.3
joint_constraints/angular_limit_softness = 0.9
joint_constraints/angular_limit_relaxation = 1.0

[node name="CollisionShape3D" type="CollisionShape3D" parent="Pedestrian/Armature/RagdollSkeleton/Physical Bone Bone_010"]
transform = Transform3D(1, 0, 0, 0, 0, 1, 0, -1, 0, 0, 0, 0)
shape = SubResource("CapsuleShape3D_wxw4v")

[node name="Physical Bone Shoulder_R" type="PhysicalBone3D" parent="Pedestrian/Armature/RagdollSkeleton"]
transform = Transform3D(-0.63098, 0.127555, 0.765244, 0.766475, 0.255067, 0.589468, -0.12, 0.958483, -0.258706, -0.383003, 0.704937, 0.129527)
joint_type = 3
joint_offset = Transform3D(1, 0, 0, 0, 1, 0, 0, 0, 1, 3.2292e-05, -3.40778e-05, 0.50053)
body_offset = Transform3D(1.00001, -2.83122e-07, 4.07547e-06, 1.47335e-06, -1.07288e-06, -1, 1.49012e-08, 1.00001, -1.46031e-06, -3.43323e-05, 0.50053, 3.48091e-05)
bone_name = "Shoulder.R"
joint_constraints/angular_limit_enabled = true
joint_constraints/angular_limit_upper = 90.0
joint_constraints/angular_limit_lower = -90.0
joint_constraints/angular_limit_bias = 0.3
joint_constraints/angular_limit_softness = 0.9
joint_constraints/angular_limit_relaxation = 1.0

[node name="CollisionShape3D" type="CollisionShape3D" parent="Pedestrian/Armature/RagdollSkeleton/Physical Bone Shoulder_R"]
transform = Transform3D(1, 0, 0, 0, 0, 1, 0, -1, 0, 0, 0, 0)
shape = SubResource("CapsuleShape3D_2nca1")

[node name="Physical Bone Bicep_R" type="PhysicalBone3D" parent="Pedestrian/Armature/RagdollSkeleton"]
transform = Transform3D(-0.944011, -0.147342, 0.295221, 0.300486, -0.0143584, 0.953687, -0.136277, 0.988992, 0.0578294, -0.898729, -0.0173035, 0.232575)
joint_type = 3
joint_offset = Transform3D(1, 0, 0, 0, 1, 0, 0, 0, 1, -0.000488352, 0.00041525, 0.448145)
body_offset = Transform3D(1.00001, -1.63913e-07, 1.69501e-07, 3.47197e-06, -6.33299e-07, -1.00001, 1.11759e-06, 1.00001, 1.60187e-07, 0.000488281, 0.44815, -0.000415325)
bone_name = "Bicep.R"
joint_constraints/angular_limit_enabled = true
joint_constraints/angular_limit_upper = 90.0
joint_constraints/angular_limit_lower = -90.0
joint_constraints/angular_limit_bias = 0.3
joint_constraints/angular_limit_softness = 0.9
joint_constraints/angular_limit_relaxation = 1.0

[node name="CollisionShape3D" type="CollisionShape3D" parent="Pedestrian/Armature/RagdollSkeleton/Physical Bone Bicep_R"]
transform = Transform3D(1, 0, 0, 0, 0, 1, 0, -1, 0, 0, 0, 0)
shape = SubResource("CapsuleShape3D_7f07w")

[node name="Physical Bone Forearm_R" type="PhysicalBone3D" parent="Pedestrian/Armature/RagdollSkeleton"]
transform = Transform3D(-0.953275, -0.120464, 0.277081, 0.269814, 0.073291, 0.960119, -0.135967, 0.990009, -0.0373638, -1.1952, -1.01374, 0.229111)
joint_type = 3
joint_offset = Transform3D(1, 0, 0, 0, 1, 0, 0, 0, 1, -0.000365458, 3.00592e-05, 0.591708)
body_offset = Transform3D(1.00001, 1.74344e-06, -4.48991e-06, -3.80119e-06, -5.84871e-07, -1, -7.30157e-07, 1, -1.24052e-06, 0.000368118, 0.591708, -2.93255e-05)
bone_name = "Forearm.R"
joint_constraints/angular_limit_enabled = true
joint_constraints/angular_limit_upper = 90.0
joint_constraints/angular_limit_lower = -90.0
joint_constraints/angular_limit_bias = 0.3
joint_constraints/angular_limit_softness = 0.9
joint_constraints/angular_limit_relaxation = 1.0

[node name="CollisionShape3D" type="CollisionShape3D" parent="Pedestrian/Armature/RagdollSkeleton/Physical Bone Forearm_R"]
transform = Transform3D(1, 0, 0, 0, 0, 1, 0, -1, 0, 0, 0, 0)
shape = SubResource("CapsuleShape3D_4emgk")

[node name="Physical Bone Stomach_L" type="PhysicalBone3D" parent="Pedestrian/Armature/RagdollSkeleton"]
transform = Transform3D(0.661556, 0.260786, -0.703087, 0.749852, -0.220243, 0.62387, 0.00784825, -0.939938, -0.341254, 0.165211, -0.14641, 0.0801742)
joint_offset = Transform3D(1, 0, 0, 0, 1, 0, 0, 0, 1, -0.000139393, 2.86869e-05, 0.234858)
body_offset = Transform3D(0.999998, -7.49715e-08, 6.63567e-07, 2.43541e-07, 2.98023e-08, -1, -2.04379e-06, 1, -3.27826e-07, 0.000139236, 0.234858, -2.86102e-05)
bone_name = "Stomach.L"

[node name="CollisionShape3D" type="CollisionShape3D" parent="Pedestrian/Armature/RagdollSkeleton/Physical Bone Stomach_L"]
transform = Transform3D(1, 0, 0, 0, 0, 1, 0, -1, 0, 0, 0, 0)
shape = SubResource("CapsuleShape3D_12rly")

[node name="Physical Bone LegStart_L" type="PhysicalBone3D" parent="Pedestrian/Armature/RagdollSkeleton"]
transform = Transform3D(0.986216, 0.165427, 1.21527e-06, 4.74973e-07, -1.0431e-07, 0.999996, 0.165426, -0.98622, -1.1133e-06, 0.330717, -0.808458, 0.164176)
joint_type = 3
joint_offset = Transform3D(1, 0, 0, 0, 1, 0, 0, 0, 1, -0.000855177, 0.00367988, 0.515214)
body_offset = Transform3D(0.999994, 1.63913e-07, 1.31875e-06, -2.75671e-07, -4.91735e-07, -0.999996, 4.02331e-07, 0.999998, 7.00355e-07, 0.000854492, 0.515212, -0.00368023)
bone_name = "LegStart.L"
joint_constraints/angular_limit_enabled = true
joint_constraints/angular_limit_upper = 90.0
joint_constraints/angular_limit_lower = -90.0
joint_constraints/angular_limit_bias = 0.3
joint_constraints/angular_limit_softness = 0.9
joint_constraints/angular_limit_relaxation = 1.0

[node name="CollisionShape3D" type="CollisionShape3D" parent="Pedestrian/Armature/RagdollSkeleton/Physical Bone LegStart_L"]
transform = Transform3D(1, 0, 0, 0, 0, 1, 0, -1, 0, 0, 0, 0)
shape = SubResource("CapsuleShape3D_816o5")

[node name="Physical Bone Thigh_L" type="PhysicalBone3D" parent="Pedestrian/Armature/RagdollSkeleton"]
transform = Transform3D(0.357772, 0.91748, -0.173868, 0.0103092, 0.182295, 0.983189, 0.933752, -0.353551, 0.0557691, 0.448891, -1.99393, 0.122829)
joint_type = 3
joint_offset = Transform3D(1, 0, 0, 0, 1, 0, 0, 0, 1, -0.000376801, 0.000149723, 0.681036)
body_offset = Transform3D(1, -1.54972e-06, 5.74812e-06, 6.92904e-07, 5.21541e-07, -1, 9.23872e-07, 1, -6.9961e-06, 0.000372887, 0.681036, -0.000144958)
bone_name = "Thigh.L"
joint_constraints/angular_limit_enabled = true
joint_constraints/angular_limit_upper = 90.0
joint_constraints/angular_limit_lower = -90.0
joint_constraints/angular_limit_bias = 0.3
joint_constraints/angular_limit_softness = 0.9
joint_constraints/angular_limit_relaxation = 1.0

[node name="CollisionShape3D" type="CollisionShape3D" parent="Pedestrian/Armature/RagdollSkeleton/Physical Bone Thigh_L"]
transform = Transform3D(1, 0, 0, 0, 0, 1, 0, -1, 0, 0, 0, 0)
shape = SubResource("CapsuleShape3D_id4tv")

[node name="Physical Bone Foot_L" type="PhysicalBone3D" parent="Pedestrian/Armature/RagdollSkeleton"]
transform = Transform3D(0.358894, 0.931608, -0.0574621, 0.000539435, 0.0613694, 0.998116, 0.933378, -0.358247, 0.0215225, 0.633505, -3.82162, 0.0596534)
joint_type = 3
joint_offset = Transform3D(1, 0, 0, 0, 1, 0, 0, 0, 1, 7.60553e-06, 0.000498314, 1.16028)
body_offset = Transform3D(1, -2.08616e-07, 5.7742e-06, 1.45473e-06, -8.4429e-06, -1, 1.93715e-06, 1, 2.86009e-06, -1.43051e-05, 1.16028, -0.000501633)
bone_name = "Foot.L"
joint_constraints/angular_limit_enabled = true
joint_constraints/angular_limit_upper = 90.0
joint_constraints/angular_limit_lower = -90.0
joint_constraints/angular_limit_bias = 0.3
joint_constraints/angular_limit_softness = 0.9
joint_constraints/angular_limit_relaxation = 1.0

[node name="CollisionShape3D" type="CollisionShape3D" parent="Pedestrian/Armature/RagdollSkeleton/Physical Bone Foot_L"]
transform = Transform3D(1, 0, 0, 0, 0, 1, 0, -1, 0, 0, 0, 0)
shape = SubResource("CapsuleShape3D_n05h5")

[node name="Physical Bone Stomach_R" type="PhysicalBone3D" parent="Pedestrian/Armature/RagdollSkeleton"]
transform = Transform3D(0.661556, -0.260786, 0.703087, -0.749852, -0.220243, 0.62387, -0.00784825, -0.939938, -0.341254, -0.165291, -0.146564, 0.0801789)
joint_type = 3
joint_offset = Transform3D(1, 0, 0, 0, 1, 0, 0, 0, 1, 7.645e-05, -2.18576e-05, 0.235012)
body_offset = Transform3D(0.999998, 7.49715e-08, -6.63567e-07, -2.43541e-07, 2.98023e-08, -1, 2.04379e-06, 1, -3.27826e-07, -7.62939e-05, 0.235012, 2.19345e-05)
bone_name = "Stomach.R"
joint_constraints/angular_limit_enabled = true
joint_constraints/angular_limit_upper = 90.0
joint_constraints/angular_limit_lower = -90.0
joint_constraints/angular_limit_bias = 0.3
joint_constraints/angular_limit_softness = 0.9
joint_constraints/angular_limit_relaxation = 1.0

[node name="CollisionShape3D" type="CollisionShape3D" parent="Pedestrian/Armature/RagdollSkeleton/Physical Bone Stomach_R"]
transform = Transform3D(1, 0, 0, 0, 0, 1, 0, -1, 0, 0, 0, 0)
shape = SubResource("CapsuleShape3D_1vpx4")

[node name="Physical Bone LegStart_R" type="PhysicalBone3D" parent="Pedestrian/Armature/RagdollSkeleton"]
transform = Transform3D(0.986219, -0.165427, 2.15841e-07, -1.06286e-07, 4.27715e-07, 0.999996, -0.165426, -0.98622, -5.14673e-07, -0.330772, -0.808599, 0.163819)
joint_type = 3
joint_offset = Transform3D(1, 0, 0, 0, 1, 0, 0, 0, 1, 0.000850684, 0.00331934, 0.515355)
body_offset = Transform3D(0.999997, -2.5332e-07, -6.3821e-09, -9.30163e-08, -1.02376e-06, -0.999996, -4.17233e-07, 0.999998, -1.26765e-07, -0.000850677, 0.515353, -0.00331926)
bone_name = "LegStart.R"
joint_constraints/angular_limit_enabled = true
joint_constraints/angular_limit_upper = 90.0
joint_constraints/angular_limit_lower = -90.0
joint_constraints/angular_limit_bias = 0.3
joint_constraints/angular_limit_softness = 0.9
joint_constraints/angular_limit_relaxation = 1.0

[node name="CollisionShape3D" type="CollisionShape3D" parent="Pedestrian/Armature/RagdollSkeleton/Physical Bone LegStart_R"]
transform = Transform3D(1, 0, 0, 0, 0, 1, 0, -1, 0, 0, 0, 0)
shape = SubResource("CapsuleShape3D_moard")

[node name="Physical Bone Thigh_R" type="PhysicalBone3D" parent="Pedestrian/Armature/RagdollSkeleton"]
transform = Transform3D(0.359506, -0.915423, 0.181005, -0.0124703, 0.189237, 0.981848, -0.933064, -0.35524, 0.0566204, -0.448965, -1.99396, 0.12246)
joint_type = 3
joint_offset = Transform3D(1, 0, 0, 0, 1, 0, 0, 0, 1, -0.0011595, 0.00478573, 0.681086)
body_offset = Transform3D(1, 0.00224331, 0.00176647, 0.00178432, -0.00708835, -0.99997, -0.00222886, 0.999975, -0.00710024, -5.43594e-05, 0.681102, 4.76837e-05)
bone_name = "Thigh.R"
joint_constraints/angular_limit_enabled = true
joint_constraints/angular_limit_upper = 90.0
joint_constraints/angular_limit_lower = -90.0
joint_constraints/angular_limit_bias = 0.3
joint_constraints/angular_limit_softness = 0.9
joint_constraints/angular_limit_relaxation = 1.0

[node name="CollisionShape3D" type="CollisionShape3D" parent="Pedestrian/Armature/RagdollSkeleton/Physical Bone Thigh_R"]
transform = Transform3D(1, 0, 0, 0, 0, 1, 0, -1, 0, 0, 0, 0)
shape = SubResource("CapsuleShape3D_74ljc")

[node name="Skeleton3D" type="Skeleton3D" parent="Pedestrian/Armature"]
bones/0/name = "Center"
bones/0/parent = -1
bones/0/rest = Transform3D(1, 0, 0, 0, 1, 0, 0, 0, 1, 0, 0, 0)
bones/0/enabled = true
bones/0/position = Vector3(0, 0, 0)
bones/0/rotation = Quaternion(0, 0, 0, 1)
bones/0/scale = Vector3(1, 1, 1)
bones/1/name = "Shoulder.L"
bones/1/parent = 0
bones/1/rest = Transform3D(-0.630973, 0.765247, -0.127553, -0.766468, -0.589465, 0.255065, 0.119999, 0.258704, 0.958474, 0, 1, 0)
bones/1/enabled = true
bones/1/position = Vector3(0, 1, 0)
bones/1/rotation = Quaternion(0.00211842, -0.144078, -0.891475, 0.429545)
bones/1/scale = Vector3(1, 1, 1)
bones/2/name = "Bicep.L"
bones/2/parent = 1
bones/2/rest = Transform3D(0.842305, 0.53775, 0.0367142, -0.510013, 0.773114, 0.377069, 0.174385, -0.336332, 0.925457, -1.67638e-08, 1.00102, -7.45058e-09)
bones/2/enabled = true
bones/2/position = Vector3(-1.67638e-08, 1.00102, -7.45058e-09)
bones/2/rotation = Quaternion(-0.189561, -0.036581, -0.278405, 0.940861)
bones/2/scale = Vector3(1, 1, 1)
bones/3/name = "Forearm.L"
bones/3/parent = 2
bones/3/rest = Transform3D(0.999486, 0.0320343, -0.000823622, -0.031975, 0.995284, -0.0915832, -0.00211406, 0.0915625, 0.995797, -6.51926e-08, 0.897223, 1.16415e-08)
bones/3/enabled = true
bones/3/position = Vector3(-6.51926e-08, 0.897223, 1.16415e-08)
bones/3/rotation = Quaternion(0.0458405, 0.000322991, -0.0160212, 0.99882)
bones/3/scale = Vector3(1, 1, 1)
bones/4/name = "Hand.L"
bones/4/parent = 3
bones/4/rest = Transform3D(0.994881, 0.101024, 0.00260369, -0.101024, 0.993557, 0.0513723, 0.0026029, -0.0513724, 0.998676, -1.45286e-07, 1.18332, 7.45058e-09)
bones/4/enabled = true
bones/4/position = Vector3(-1.45286e-07, 1.18332, 7.45058e-09)
bones/4/rotation = Quaternion(-0.0257276, 1.991e-07, -0.0505934, 0.998388)
bones/4/scale = Vector3(1, 1, 1)
bones/5/name = "Bone.010"
bones/5/parent = 0
bones/5/rest = Transform3D(1, 0, 0, 0, 1, 0, 0, 0, 1, 0, 1, 0)
bones/5/enabled = true
bones/5/position = Vector3(0, 1, 0)
bones/5/rotation = Quaternion(0, 0, 0, 1)
bones/5/scale = Vector3(1, 1, 1)
bones/6/name = "Bone.011"
bones/6/parent = 5
bones/6/rest = Transform3D(1, 0, 0, 0, 1, 0, 0, 0, 1, 0, 0.567609, 0)
bones/6/enabled = true
bones/6/position = Vector3(0, 0.567609, 0)
bones/6/rotation = Quaternion(0, 0, 0, 1)
bones/6/scale = Vector3(1, 1, 1)
bones/7/name = "Shoulder.R"
bones/7/parent = 0
bones/7/rest = Transform3D(-0.630973, -0.765247, 0.127553, 0.766468, -0.589465, 0.255065, -0.119999, 0.258704, 0.958474, 0, 1, 0)
bones/7/enabled = true
bones/7/position = Vector3(0, 1, 0)
bones/7/rotation = Quaternion(0.00211842, 0.144078, 0.891475, 0.429545)
bones/7/scale = Vector3(1, 1, 1)
bones/8/name = "Bicep.R"
bones/8/parent = 7
bones/8/rest = Transform3D(0.842305, -0.53775, -0.0367142, 0.510013, 0.773114, 0.377069, -0.174385, -0.336332, 0.925457, 1.67638e-08, 1.00102, -7.45058e-09)
bones/8/enabled = true
bones/8/position = Vector3(1.67638e-08, 1.00102, -7.45058e-09)
bones/8/rotation = Quaternion(-0.189561, 0.036581, 0.278405, 0.940861)
bones/8/scale = Vector3(1, 1, 1)
bones/9/name = "Forearm.R"
bones/9/parent = 8
bones/9/rest = Transform3D(0.999486, -0.0320343, 0.000823622, 0.031975, 0.995284, -0.0915832, 0.00211406, 0.0915625, 0.995797, 6.51926e-08, 0.897223, 1.16415e-08)
bones/9/enabled = true
bones/9/position = Vector3(6.51926e-08, 0.897223, 1.16415e-08)
bones/9/rotation = Quaternion(0.0458405, -0.000322991, 0.0160212, 0.99882)
bones/9/scale = Vector3(1, 1, 1)
bones/10/name = "Hand.R"
bones/10/parent = 9
bones/10/rest = Transform3D(0.994881, -0.101024, -0.00260369, 0.101024, 0.993557, 0.0513723, -0.0026029, -0.0513724, 0.998676, 1.45286e-07, 1.18332, 7.45058e-09)
bones/10/enabled = true
bones/10/position = Vector3(1.45286e-07, 1.18332, 7.45058e-09)
bones/10/rotation = Quaternion(-0.0257276, -1.991e-07, 0.0505934, 0.998388)
bones/10/scale = Vector3(1, 1, 1)
bones/11/name = "Stomach.L"
bones/11/parent = -1
bones/11/rest = Transform3D(0.661558, 0.703087, 0.260786, 0.749853, -0.62387, -0.220243, 0.00784642, 0.341255, -0.939938, 0, 0, 0)
bones/11/enabled = true
bones/11/position = Vector3(0, 0, 0)
bones/11/rotation = Quaternion(0.897965, 0.404509, 0.0747891, 0.156325)
bones/11/scale = Vector3(1, 1, 1)
bones/12/name = "LegStart.L"
bones/12/parent = 11
bones/12/rest = Transform3D(0.653741, -0.749853, 0.101701, 0.749853, 0.62387, -0.220243, 0.101701, 0.220243, 0.970129, -1.54832e-08, 0.470044, 0)
bones/12/enabled = true
bones/12/position = Vector3(-1.54832e-08, 0.470044, 0)
bones/12/rotation = Quaternion(0.122211, -1.447e-08, 0.416088, 0.901074)
bones/12/scale = Vector3(1, 1, 1)
bones/13/name = "Thigh.L"
bones/13/parent = 12
bones/13/rest = Transform3D(0.507309, 0.162244, 0.846353, -0.0103089, 0.98319, -0.182296, -0.861702, 0.0837554, 0.500454, 3.04892e-08, 1.03107, 1.5462e-09)
bones/13/enabled = true
bones/13/position = Vector3(3.04892e-08, 1.03107, 1.5462e-09)
bones/13/rotation = Quaternion(0.0769184, 0.493818, -0.049887, 0.864719)
bones/13/scale = Vector3(1, 1, 1)
bones/14/name = "Foot.L"
bones/14/parent = 13
bones/14/rest = Transform3D(0.999952, -0.00982296, -0.00057812, 0.00982035, 0.992528, 0.12162, -0.000620866, -0.12162, 0.992577, 5.58794e-09, 1.36208, 2.93367e-08)
bones/14/enabled = true
bones/14/position = Vector3(5.58794e-09, 1.36208, 2.93367e-08)
bones/14/rotation = Quaternion(-0.0609238, 1.07136e-05, 0.00492002, 0.99813)
bones/14/scale = Vector3(1, 1, 1)
bones/15/name = "Bone.009"
bones/15/parent = 14
bones/15/rest = Transform3D(0.382684, -0.891756, 0.241503, 0.911251, 0.321257, -0.257712, 0.152232, 0.318692, 0.935554, -2.21189e-08, 2.32041, 8.3819e-09)
bones/15/enabled = true
bones/15/position = Vector3(-2.21189e-08, 2.32041, 8.3819e-09)
bones/15/rotation = Quaternion(0.177393, 0.0274741, 0.55489, 0.812326)
bones/15/scale = Vector3(1, 1, 1)
bones/16/name = "Stomach.R"
bones/16/parent = -1
bones/16/rest = Transform3D(0.661558, -0.703087, -0.260786, -0.749853, -0.62387, -0.220243, -0.00784642, 0.341255, -0.939938, 0, 0, 0)
bones/16/enabled = true
bones/16/position = Vector3(0, 0, 0)
bones/16/rotation = Quaternion(0.897965, -0.404509, -0.0747891, 0.156325)
bones/16/scale = Vector3(1, 1, 1)
bones/17/name = "LegStart.R"
bones/17/parent = 16
bones/17/rest = Transform3D(0.653741, 0.749853, -0.101701, -0.749853, 0.62387, -0.220243, -0.101701, 0.220243, 0.970129, 1.54832e-08, 0.470044, 0)
bones/17/enabled = true
bones/17/position = Vector3(1.54832e-08, 0.470044, 0)
bones/17/rotation = Quaternion(0.122211, 1.447e-08, -0.416088, 0.901074)
bones/17/scale = Vector3(1, 1, 1)
bones/18/name = "Thigh.R"
bones/18/parent = 17
bones/18/rest = Transform3D(0.507309, -0.162244, -0.846353, 0.0103089, 0.98319, -0.182296, 0.861702, 0.0837554, 0.500454, -3.04892e-08, 1.03107, 1.5462e-09)
bones/18/enabled = true
bones/18/position = Vector3(-3.04892e-08, 1.03107, 1.5462e-09)
bones/18/rotation = Quaternion(0.0769184, -0.493818, 0.049887, 0.864719)
bones/18/scale = Vector3(1, 1, 1)
bones/19/name = "Foot.R"
bones/19/parent = 18
bones/19/rest = Transform3D(0.999952, 0.00982296, 0.00057812, -0.00982035, 0.992528, 0.12162, 0.000620866, -0.12162, 0.992577, -5.58794e-09, 1.36208, 2.93367e-08)
bones/19/enabled = true
bones/19/position = Vector3(-5.58794e-09, 1.36208, 2.93367e-08)
bones/19/rotation = Quaternion(-0.0609238, -1.07136e-05, -0.00492002, 0.99813)
bones/19/scale = Vector3(1, 1, 1)

[node name="Figure" type="MeshInstance3D" parent="Pedestrian/Armature"]
mesh = SubResource("ArrayMesh_i5q31")
skin = SubResource("Skin_fp1pd")
skeleton = NodePath("../Skeleton3D")

[node name="AnimationPlayer" type="AnimationPlayer" parent="Pedestrian"]
libraries = {
"": SubResource("AnimationLibrary_35oyx")
}

[node name="Terrain0" type="MeshInstance3D" parent="."]
transform = Transform3D(1671.01, 0, 0, 0, 1.06313, 0, 0, 0, 63.788, 0, 0, 0)
mesh = SubResource("PlaneMesh_qg3rw")
surface_material_override/0 = SubResource("StandardMaterial3D_efibp")

[node name="SideWalkLeft" type="StaticBody3D" parent="Terrain0"]
transform = Transform3D(1, 0, 0, 0, 1, 0, 0, 0, 1, 0, 0.709279, -0.56347)

[node name="CollisionShape3D" type="CollisionShape3D" parent="Terrain0/SideWalkLeft"]
transform = Transform3D(2, 0, 0, 0, 1.5, 0, 0, 0, 0.5, 0, 0, 0)
shape = SubResource("BoxShape3D_o3gaq")

[node name="MeshInstance3D" type="MeshInstance3D" parent="Terrain0/SideWalkLeft"]
transform = Transform3D(2, 0, 0, 0, 1.5, 0, 0, 0, 0.5, 0, 0, 0)
mesh = SubResource("BoxMesh_31ayt")

[node name="SideWalkRight" type="StaticBody3D" parent="Terrain0"]
transform = Transform3D(1, -3.48787e-16, 3.48787e-16, 3.48787e-16, 1, -3.48787e-16, -3.48787e-16, 3.48787e-16, 1, 0, 0.707935, 0.606593)

[node name="CollisionShape3D" type="CollisionShape3D" parent="Terrain0/SideWalkRight"]
transform = Transform3D(2, 0, 0, 0, 1.5, 0, 0, 0, 0.5, 0, 0, 0)
shape = SubResource("BoxShape3D_o3gaq")

[node name="MeshInstance3D" type="MeshInstance3D" parent="Terrain0/SideWalkRight"]
transform = Transform3D(2, 5.82602e-23, 2.30025e-23, -7.00454e-23, 1.5, 2.64014e-24, 6.91826e-23, -1.30646e-23, 0.5, 0, 0, 0)
mesh = SubResource("BoxMesh_31ayt")

[node name="InvisibleLeftWall" type="StaticBody3D" parent="Terrain0"]
transform = Transform3D(1, -6.66422e-31, 2.91302e-38, 0, -4.37114e-08, -1, 6.66422e-31, 1, -4.37114e-08, 0, 10.1762, -0.817959)

[node name="CollisionShape3D" type="CollisionShape3D" parent="Terrain0/InvisibleLeftWall"]
transform = Transform3D(1, 0, 0, 0, 10, 0, 0, 0, 10, 0, 0, 0)
shape = SubResource("ConcavePolygonShape3D_elbj6")

[node name="InvisibleRightWall" type="StaticBody3D" parent="Terrain0"]
transform = Transform3D(1, -6.66423e-31, 2.91303e-38, 0, -4.37114e-08, -1, 6.66423e-31, 1, -4.37114e-08, 2.08165e-12, 10.0923, 0.85814)

[node name="CollisionShape3D" type="CollisionShape3D" parent="Terrain0/InvisibleRightWall"]
transform = Transform3D(1, 0, 0, 0, 10, 0, 0, 0, 10, 0, 0, 0)
shape = SubResource("ConcavePolygonShape3D_elbj6")

[node name="StaticBody3D" type="StaticBody3D" parent="Terrain0"]

[node name="CollisionShape3D" type="CollisionShape3D" parent="Terrain0/StaticBody3D"]
shape = SubResource("ConcavePolygonShape3D_mlo1d")

[node name="LeftBuildingPlane" type="StaticBody3D" parent="Terrain0"]
transform = Transform3D(1, 0, 0, 0, 1, 0, 0, 0, 0.999999, 0, 0.679695, -1.31456)

[node name="MeshInstance3D" type="MeshInstance3D" parent="Terrain0/LeftBuildingPlane"]
transform = Transform3D(2, 0, 0, 0, 1.5, 0, 0, 0, 1, 0, 0, 0.00152254)
mesh = SubResource("BoxMesh_igw05")

[node name="RightBuildingPlane" type="StaticBody3D" parent="Terrain0"]
transform = Transform3D(1, 0, 0, 0, 1, 0, 0, 0, 0.999997, 0, 0.794754, 1.35658)

[node name="MeshInstance3D" type="MeshInstance3D" parent="Terrain0/RightBuildingPlane"]
transform = Transform3D(2, 0, 0, 0, 1.5, 0, 0, 0, 1, 0, -0.0921803, 0)
mesh = SubResource("BoxMesh_igw05")

[node name="Player" parent="." instance=ExtResource("2_hhxf1")]
transform = Transform3D(1, 0, 0, 0, 1, 0, 0, 0, 1, 0, 2.79677, 1.73305)
script = ExtResource("3_637af")

[node name="CameraPivot" type="Node3D" parent="Player"]
transform = Transform3D(1, 0, 0, 0, 1, 0, 0, 0, 1, 0.3, -1.73625, -1.73305)

[node name="Camera3D" type="Camera3D" parent="Player/CameraPivot"]
transform = Transform3D(-4.37114e-08, 0, -1, 0, 1, 0, 1, 0, -4.37114e-08, 0.379044, 3.88086, 1.89931)

[node name="BG Music" type="AudioStreamPlayer" parent="."]
stream = ExtResource("8_5up4r")
autoplay = true

[node name="Scream" type="AudioStreamPlayer" parent="."]
stream = ExtResource("9_q14j1")

[connection signal="body_entered" from="Pedestrian" to="Pedestrian" method="_on_body_entered"]
